Mattchau;#FF0005;1;Nicoloc;#003F63;2;1
265.28134169370276;200.5;#003F63;4;6;2
280.00377355803823;175.0;#FF0005;5;5;1
294.7262054223737;200.5;#003F63;5;6;2
309.44863728670913;175.0;#FF0005;6;5;1
324.1710691510446;200.5;#003F63;6;6;2
338.89350101538;175.0;#FF0005;7;5;1
353.6159328797155;200.5;#003F63;7;6;2
368.3383647440509;175.0;#FF0005;8;5;1
383.0607966083864;200.5;#003F63;8;6;2
397.7832284727219;175.0;#FF0005;9;5;1
412.50566033705735;200.5;#003F63;9;6;2
427.22809220139277;175.0;#FF0005;10;5;1
441.95052406572825;200.5;#003F63;10;6;2
250.5589098293673;175.0;#FF0005;4;5;1
235.83647796503186;200.5;#003F63;3;6;2
221.11404610069638;175.0;#FF0005;3;5;1
206.39161423636097;200.5;#003F63;2;6;2
191.6691823720255;175.0;#FF0005;2;5;1
176.94675050769004;200.5;#003F63;1;6;2
162.22431864335456;175.0;#FF0005;1;5;1